#Solução sedimentação esfera - Runge Kutta 4 ordem 
#t    vRK4    vExato    erTrue[%] 
0.01 0.0198013 0.0198013 1.34224e-07
0.02 0.0392106 0.0392106 1.32881e-07
0.03 0.0582355 0.0582355 1.31548e-07
0.04 0.0768837 0.0768837 1.30224e-07
0.05 0.0951626 0.0951626 1.28909e-07
0.06 0.11308 0.11308 1.27603e-07
0.07 0.130642 0.130642 1.26306e-07
0.08 0.147856 0.147856 1.25018e-07
0.09 0.16473 0.16473 1.23739e-07
0.1 0.181269 0.181269 1.22469e-07
0.11 0.197481 0.197481 1.21208e-07
0.12 0.213372 0.213372 1.19956e-07
0.13 0.228948 0.228948 1.18713e-07
0.14 0.244216 0.244216 1.17479e-07
0.15 0.259182 0.259182 1.16254e-07
0.16 0.273851 0.273851 1.15038e-07
0.17 0.28823 0.28823 1.13831e-07
0.18 0.302324 0.302324 1.12632e-07
0.19 0.316139 0.316139 1.11443e-07
0.2 0.32968 0.32968 1.10263e-07
0.21 0.342953 0.342953 1.09091e-07
0.22 0.355964 0.355964 1.07929e-07
0.23 0.368716 0.368716 1.06775e-07
0.24 0.381217 0.381217 1.0563e-07
0.25 0.393469 0.393469 1.04494e-07
0.26 0.405479 0.405479 1.03367e-07
0.27 0.417252 0.417252 1.02248e-07
0.28 0.428791 0.428791 1.01138e-07
0.29 0.440102 0.440102 1.00038e-07
0.3 0.451188 0.451188 9.89454e-08
0.31 0.462056 0.462056 9.78619e-08
0.32 0.472708 0.472708 9.67872e-08
0.33 0.483149 0.483149 9.57211e-08
0.34 0.493383 0.493383 9.46637e-08
0.35 0.503415 0.503415 9.36148e-08
0.36 0.513248 0.513248 9.25747e-08
0.37 0.522886 0.522886 9.15431e-08
0.38 0.532334 0.532334 9.052e-08
0.39 0.541594 0.541594 8.95055e-08
0.4 0.550671 0.550671 8.84995e-08
0.41 0.559568 0.559568 8.7502e-08
0.42 0.568289 0.568289 8.65129e-08
0.43 0.576838 0.576838 8.55323e-08
0.44 0.585217 0.585217 8.45601e-08
0.45 0.59343 0.59343 8.35962e-08
0.46 0.601481 0.601481 8.26407e-08
0.47 0.609372 0.609372 8.16934e-08
0.48 0.617107 0.617107 8.07545e-08
0.49 0.624689 0.624689 7.98238e-08
0.5 0.632121 0.632121 7.89013e-08
0.51 0.639405 0.639405 7.7987e-08
0.52 0.646545 0.646545 7.70809e-08
0.53 0.653544 0.653544 7.61829e-08
0.54 0.660404 0.660404 7.5293e-08
0.55 0.667129 0.667129 7.44111e-08
0.56 0.67372 0.67372 7.35372e-08
0.57 0.680181 0.680181 7.26714e-08
0.58 0.686514 0.686514 7.18135e-08
0.59 0.692721 0.692721 7.09634e-08
0.6 0.698806 0.698806 7.01213e-08
0.61 0.70477 0.70477 6.9287e-08
0.62 0.710616 0.710616 6.84606e-08
0.63 0.716346 0.716346 6.76418e-08
0.64 0.721963 0.721963 6.68309e-08
0.65 0.727468 0.727468 6.60276e-08
0.66 0.732865 0.732865 6.52319e-08
0.67 0.738154 0.738154 6.44439e-08
0.68 0.743339 0.743339 6.36635e-08
0.69 0.748421 0.748421 6.28905e-08
0.7 0.753403 0.753403 6.21251e-08
0.71 0.758286 0.758286 6.13672e-08
0.72 0.763072 0.763072 6.06166e-08
0.73 0.767764 0.767764 5.98734e-08
0.74 0.772362 0.772362 5.91376e-08
0.75 0.77687 0.77687 5.84091e-08
0.76 0.781288 0.781288 5.76878e-08
0.77 0.785619 0.785619 5.69737e-08
0.78 0.789864 0.789864 5.62668e-08
0.79 0.794025 0.794025 5.5567e-08
0.8 0.798103 0.798103 5.48742e-08
0.81 0.802101 0.802101 5.41886e-08
0.82 0.80602 0.80602 5.35099e-08
0.83 0.809861 0.809861 5.28382e-08
0.84 0.813626 0.813626 5.21733e-08
0.85 0.817316 0.817316 5.15154e-08
0.86 0.820934 0.820934 5.08643e-08
0.87 0.82448 0.82448 5.02199e-08
0.88 0.827955 0.827955 4.95823e-08
0.89 0.831362 0.831362 4.89513e-08
0.9 0.834701 0.834701 4.83271e-08
0.91 0.837974 0.837974 4.77094e-08
0.92 0.841183 0.841183 4.70982e-08
0.93 0.844327 0.844327 4.64936e-08
0.94 0.84741 0.84741 4.58954e-08
0.95 0.850431 0.850431 4.53037e-08
0.96 0.853393 0.853393 4.47183e-08
0.97 0.856296 0.856296 4.41393e-08
0.98 0.859142 0.859142 4.35665e-08
0.99 0.861931 0.861931 4.3e-08
1 0.864665 0.864665 4.24397e-08
1.01 0.867345 0.867345 4.18855e-08
1.02 0.869971 0.869971 4.13374e-08
1.03 0.872546 0.872546 4.07954e-08
1.04 0.87507 0.87507 4.02594e-08
1.05 0.877544 0.877544 3.97293e-08
1.06 0.879968 0.879968 3.92052e-08
1.07 0.882345 0.882345 3.86869e-08
1.08 0.884675 0.884675 3.81744e-08
1.09 0.886958 0.886958 3.76678e-08
1.1 0.889197 0.889197 3.71669e-08
1.11 0.891391 0.891391 3.66716e-08
1.12 0.893541 0.893541 3.6182e-08
1.13 0.89565 0.89565 3.5698e-08
1.14 0.897716 0.897716 3.52195e-08
1.15 0.899741 0.899741 3.47466e-08
1.16 0.901726 0.901726 3.4279e-08
1.17 0.903672 0.903672 3.3817e-08
1.18 0.90558 0.90558 3.33602e-08
1.19 0.907449 0.907449 3.29088e-08
1.2 0.909282 0.909282 3.24627e-08
1.21 0.911078 0.911078 3.20218e-08
1.22 0.912839 0.912839 3.15861e-08
1.23 0.914565 0.914565 3.11555e-08
1.24 0.916257 0.916257 3.073e-08
1.25 0.917915 0.917915 3.03096e-08
1.26 0.91954 0.91954 2.98942e-08
1.27 0.921134 0.921134 2.94837e-08
1.28 0.922695 0.922695 2.90782e-08
1.29 0.924226 0.924226 2.86775e-08
1.3 0.925726 0.925726 2.82816e-08
1.31 0.927197 0.927197 2.78905e-08
1.32 0.928639 0.928639 2.75042e-08
1.33 0.930052 0.930052 2.71225e-08
1.34 0.931437 0.931437 2.67455e-08
1.35 0.932794 0.932794 2.63731e-08
1.36 0.934125 0.934125 2.60053e-08
1.37 0.93543 0.93543 2.5642e-08
1.38 0.936708 0.936708 2.52831e-08
1.39 0.937961 0.937961 2.49287e-08
1.4 0.93919 0.93919 2.45787e-08
1.41 0.940394 0.940394 2.4233e-08
1.42 0.941574 0.941574 2.38917e-08
1.43 0.942731 0.942731 2.35546e-08
1.44 0.943865 0.943865 2.32217e-08
1.45 0.944977 0.944977 2.2893e-08
1.46 0.946066 0.946066 2.25684e-08
1.47 0.947134 0.947134 2.22479e-08
1.48 0.948181 0.948181 2.19315e-08
1.49 0.949207 0.949207 2.16191e-08
1.5 0.950213 0.950213 2.13106e-08
1.51 0.951199 0.951199 2.10061e-08
1.52 0.952165 0.952165 2.07055e-08
1.53 0.953112 0.953112 2.04087e-08
1.54 0.954041 0.954041 2.01158e-08
1.55 0.954951 0.954951 1.98266e-08
1.56 0.955843 0.955843 1.95411e-08
1.57 0.956717 0.956717 1.92593e-08
1.58 0.957574 0.957574 1.89812e-08
1.59 0.958414 0.958414 1.87067e-08
1.6 0.959238 0.959238 1.84357e-08
1.61 0.960045 0.960045 1.81684e-08
1.62 0.960836 0.960836 1.79045e-08
1.63 0.961612 0.961612 1.7644e-08
1.64 0.962372 0.962372 1.7387e-08
1.65 0.963117 0.963117 1.71334e-08
1.66 0.963847 0.963847 1.68831e-08
1.67 0.964563 0.964563 1.66361e-08
1.68 0.965265 0.965265 1.63924e-08
1.69 0.965953 0.965953 1.6152e-08
1.7 0.966627 0.966627 1.59147e-08
1.71 0.967288 0.967288 1.56806e-08
1.72 0.967935 0.967935 1.54497e-08
1.73 0.96857 0.96857 1.52218e-08
1.74 0.969193 0.969193 1.4997e-08
1.75 0.969803 0.969803 1.47752e-08
1.76 0.970401 0.970401 1.45564e-08
1.77 0.970987 0.970987 1.43406e-08
1.78 0.971561 0.971561 1.41277e-08
1.79 0.972124 0.972124 1.39177e-08
1.8 0.972676 0.972676 1.37105e-08
1.81 0.973217 0.973217 1.35062e-08
1.82 0.973748 0.973748 1.33046e-08
1.83 0.974267 0.974267 1.31058e-08
1.84 0.974777 0.974777 1.29098e-08
1.85 0.975276 0.975276 1.27164e-08
1.86 0.975766 0.975766 1.25257e-08
1.87 0.976246 0.976246 1.23376e-08
1.88 0.976716 0.976716 1.21521e-08
1.89 0.977177 0.977177 1.19692e-08
1.9 0.977629 0.977629 1.17888e-08
1.91 0.978072 0.978072 1.1611e-08
1.92 0.978506 0.978506 1.14356e-08
1.93 0.978932 0.978932 1.12626e-08
1.94 0.979349 0.979349 1.10921e-08
1.95 0.979758 0.979758 1.09239e-08
1.96 0.980159 0.980159 1.07581e-08
1.97 0.980552 0.980552 1.05946e-08
1.98 0.980937 0.980937 1.04335e-08
1.99 0.981314 0.981314 1.02746e-08
2 0.981684 0.981684 1.01179e-08
2.01 0.982047 0.982047 9.96348e-09
2.02 0.982403 0.982403 9.81122e-09
2.03 0.982751 0.982751 9.66113e-09
2.04 0.983093 0.983093 9.51316e-09
2.05 0.983427 0.983427 9.36732e-09
2.06 0.983755 0.983755 9.22354e-09
2.07 0.984077 0.984077 9.08181e-09
2.08 0.984392 0.984392 8.94212e-09
2.09 0.984701 0.984701 8.80443e-09
2.1 0.985004 0.985004 8.66872e-09
2.11 0.985301 0.985301 8.53496e-09
2.12 0.985592 0.985592 8.40312e-09
2.13 0.985878 0.985878 8.27318e-09
2.14 0.986157 0.986157 8.14511e-09
2.15 0.986431 0.986431 8.01891e-09
2.16 0.9867 0.9867 7.89453e-09
2.17 0.986963 0.986963 7.77196e-09
2.18 0.987222 0.987222 7.65117e-09
2.19 0.987475 0.987475 7.53215e-09
2.2 0.987723 0.987723 7.41484e-09
2.21 0.987966 0.987966 7.29926e-09
2.22 0.988204 0.988204 7.18537e-09
2.23 0.988438 0.988438 7.07315e-09
2.24 0.988667 0.988667 6.96256e-09
2.25 0.988891 0.988891 6.8536e-09
2.26 0.989111 0.989111 6.74626e-09
2.27 0.989327 0.989327 6.64048e-09
2.28 0.989538 0.989538 6.53626e-09
2.29 0.989745 0.989745 6.43359e-09
2.3 0.989948 0.989948 6.33244e-09
2.31 0.990147 0.990147 6.23277e-09
2.32 0.990342 0.990342 6.1346e-09
2.33 0.990534 0.990534 6.03787e-09
2.34 0.990721 0.990721 5.94259e-09
2.35 0.990905 0.990905 5.84873e-09
2.36 0.991085 0.991085 5.75625e-09
2.37 0.991261 0.991261 5.66518e-09
2.38 0.991434 0.991434 5.57546e-09
2.39 0.991604 0.991604 5.48708e-09
2.4 0.99177 0.99177 5.40002e-09
2.41 0.991933 0.991933 5.31427e-09
2.42 0.992093 0.992093 5.22981e-09
2.43 0.99225 0.99225 5.14661e-09
2.44 0.992403 0.992403 5.06468e-09
2.45 0.992553 0.992553 4.98398e-09
2.46 0.992701 0.992701 4.9045e-09
2.47 0.992845 0.992845 4.82623e-09
2.48 0.992987 0.992987 4.74913e-09
2.49 0.993126 0.993126 4.67321e-09
2.5 0.993262 0.993262 4.59844e-09
2.51 0.993395 0.993395 4.52481e-09
2.52 0.993526 0.993526 4.4523e-09
2.53 0.993654 0.993654 4.38088e-09
2.54 0.99378 0.99378 4.31056e-09
2.55 0.993903 0.993903 4.24132e-09
2.56 0.994024 0.994024 4.17313e-09
2.57 0.994142 0.994142 4.10599e-09
2.58 0.994258 0.994258 4.03987e-09
2.59 0.994372 0.994372 3.97476e-09
2.6 0.994483 0.994483 3.91066e-09
2.61 0.994593 0.994593 3.84754e-09
2.62 0.9947 0.9947 3.7854e-09
2.63 0.994805 0.994805 3.72422e-09
2.64 0.994908 0.994908 3.66398e-09
2.65 0.995008 0.995008 3.60467e-09
2.66 0.995107 0.995107 3.54627e-09
2.67 0.995204 0.995204 3.48878e-09
2.68 0.995299 0.995299 3.43217e-09
2.69 0.995392 0.995392 3.37645e-09
2.7 0.995483 0.995483 3.32159e-09
2.71 0.995573 0.995573 3.26759e-09
2.72 0.995661 0.995661 3.21442e-09
2.73 0.995746 0.995746 3.16208e-09
2.74 0.995831 0.995831 3.11056e-09
2.75 0.995913 0.995913 3.05983e-09
2.76 0.995994 0.995994 3.0099e-09
2.77 0.996073 0.996073 2.96077e-09
2.78 0.996151 0.996151 2.9124e-09
2.79 0.996227 0.996227 2.86477e-09
2.8 0.996302 0.996302 2.8179e-09
2.81 0.996375 0.996375 2.77176e-09
2.82 0.996447 0.996447 2.72635e-09
2.83 0.996517 0.996517 2.68165e-09
2.84 0.996586 0.996586 2.63766e-09
2.85 0.996654 0.996654 2.59436e-09
2.86 0.99672 0.99672 2.55173e-09
2.87 0.996785 0.996785 2.50979e-09
2.88 0.996849 0.996849 2.46851e-09
2.89 0.996911 0.996911 2.42787e-09
2.9 0.996972 0.996972 2.38788e-09
2.91 0.997032 0.997032 2.34854e-09
2.92 0.997091 0.997091 2.30981e-09
2.93 0.997149 0.997149 2.2717e-09
2.94 0.997205 0.997205 2.23418e-09
2.95 0.997261 0.997261 2.19728e-09
2.96 0.997315 0.997315 2.16095e-09
2.97 0.997368 0.997368 2.1252e-09
2.98 0.99742 0.99742 2.09002e-09
2.99 0.997471 0.997471 2.0554e-09
3 0.997521 0.997521 2.02134e-09
3.01 0.99757 0.99757 1.98783e-09
3.02 0.997618 0.997618 1.95484e-09
3.03 0.997666 0.997666 1.92239e-09
3.04 0.997712 0.997712 1.89045e-09
3.05 0.997757 0.997757 1.85903e-09
3.06 0.997802 0.997802 1.82812e-09
3.07 0.997845 0.997845 1.79768e-09
3.08 0.997888 0.997888 1.76776e-09
3.09 0.99793 0.99793 1.7383e-09
3.1 0.997971 0.997971 1.70933e-09
3.11 0.998011 0.998011 1.68081e-09
3.12 0.99805 0.99805 1.65277e-09
3.13 0.998089 0.998089 1.62518e-09
3.14 0.998127 0.998127 1.59803e-09
3.15 0.998164 0.998164 1.57131e-09
3.16 0.9982 0.9982 1.54503e-09
3.17 0.998236 0.998236 1.51917e-09
3.18 0.998271 0.998271 1.49373e-09
3.19 0.998305 0.998305 1.46871e-09
3.2 0.998338 0.998338 1.44409e-09
3.21 0.998371 0.998371 1.41987e-09
3.22 0.998404 0.998404 1.39605e-09
3.23 0.998435 0.998435 1.37261e-09
3.24 0.998466 0.998466 1.34955e-09
3.25 0.998497 0.998497 1.32687e-09
3.26 0.998526 0.998526 1.30457e-09
3.27 0.998556 0.998556 1.28262e-09
3.28 0.998584 0.998584 1.26102e-09
3.29 0.998612 0.998612 1.23979e-09
3.3 0.99864 0.99864 1.21891e-09
3.31 0.998667 0.998667 1.19835e-09
3.32 0.998693 0.998693 1.17814e-09
3.33 0.998719 0.998719 1.15827e-09
3.34 0.998744 0.998744 1.13871e-09
3.35 0.998769 0.998769 1.11948e-09
3.36 0.998793 0.998793 1.10056e-09
3.37 0.998817 0.998817 1.08195e-09
3.38 0.998841 0.998841 1.06365e-09
3.39 0.998864 0.998864 1.04565e-09
3.4 0.998886 0.998886 1.02795e-09
3.41 0.998908 0.998908 1.01053e-09
3.42 0.99893 0.99893 9.93403e-10
3.43 0.998951 0.998951 9.76555e-10
3.44 0.998972 0.998972 9.59987e-10
3.45 0.998992 0.998992 9.43697e-10
3.46 0.999012 0.999012 9.27675e-10
3.47 0.999032 0.999032 9.1191e-10
3.48 0.999051 0.999051 8.96412e-10
3.49 0.99907 0.99907 8.81171e-10
3.5 0.999088 0.999088 8.66175e-10
3.51 0.999106 0.999106 8.51425e-10
3.52 0.999124 0.999124 8.36931e-10
3.53 0.999141 0.999141 8.22682e-10
3.54 0.999158 0.999158 8.08657e-10
3.55 0.999175 0.999175 7.94876e-10
3.56 0.999191 0.999191 7.81319e-10
3.57 0.999207 0.999207 7.67984e-10
3.58 0.999223 0.999223 7.54872e-10
3.59 0.999238 0.999238 7.41983e-10
3.6 0.999253 0.999253 7.29306e-10
3.61 0.999268 0.999268 7.1684e-10
3.62 0.999283 0.999283 7.04576e-10
3.63 0.999297 0.999297 6.92522e-10
3.64 0.999311 0.999311 6.80681e-10
3.65 0.999324 0.999324 6.69017e-10
3.66 0.999338 0.999338 6.57565e-10
3.67 0.999351 0.999351 6.46292e-10
3.68 0.999364 0.999364 6.35219e-10
3.69 0.999376 0.999376 6.24324e-10
3.7 0.999389 0.999389 6.13607e-10
3.71 0.999401 0.999401 6.03079e-10
3.72 0.999413 0.999413 5.92719e-10
3.73 0.999424 0.999424 5.82536e-10
3.74 0.999436 0.999436 5.72521e-10
3.75 0.999447 0.999447 5.62684e-10
3.76 0.999458 0.999458 5.53002e-10
3.77 0.999469 0.999469 5.43488e-10
3.78 0.999479 0.999479 5.3414e-10
3.79 0.999489 0.999489 5.24948e-10
3.8 0.9995 0.9995 5.15901e-10
3.81 0.999509 0.999509 5.07021e-10
3.82 0.999519 0.999519 4.98275e-10
3.83 0.999529 0.999529 4.89684e-10
3.84 0.999538 0.999538 4.81238e-10
3.85 0.999547 0.999547 4.72925e-10
3.86 0.999556 0.999556 4.64768e-10
3.87 0.999565 0.999565 4.56745e-10
3.88 0.999574 0.999574 4.48844e-10
3.89 0.999582 0.999582 4.41098e-10
3.9 0.99959 0.99959 4.33475e-10
3.91 0.999598 0.999598 4.25964e-10
3.92 0.999606 0.999606 4.18608e-10
3.93 0.999614 0.999614 4.11352e-10
3.94 0.999622 0.999622 4.0423e-10
3.95 0.999629 0.999629 3.9723e-10
3.96 0.999637 0.999637 3.90341e-10
3.97 0.999644 0.999644 3.83585e-10
3.98 0.999651 0.999651 3.7693e-10
3.99 0.999658 0.999658 3.70386e-10
4 0.999665 0.999665 3.63964e-10
4.01 0.999671 0.999671 3.57643e-10
4.02 0.999678 0.999678 3.51432e-10
4.03 0.999684 0.999684 3.45333e-10
4.04 0.99969 0.99969 3.39334e-10
4.05 0.999696 0.999696 3.33435e-10
4.06 0.999702 0.999702 3.27635e-10
4.07 0.999708 0.999708 3.21948e-10
4.08 0.999714 0.999714 3.16337e-10
4.09 0.99972 0.99972 3.10827e-10
4.1 0.999725 0.999725 3.05429e-10
4.11 0.999731 0.999731 3.00096e-10
4.12 0.999736 0.999736 2.94864e-10
4.13 0.999741 0.999741 2.89721e-10
4.14 0.999746 0.999746 2.84678e-10
4.15 0.999751 0.999751 2.79701e-10
4.16 0.999756 0.999756 2.74825e-10
4.17 0.999761 0.999761 2.70026e-10
4.18 0.999766 0.999766 2.65317e-10
4.19 0.999771 0.999771 2.60685e-10
4.2 0.999775 0.999775 2.56131e-10
4.21 0.99978 0.99978 2.51654e-10
4.22 0.999784 0.999784 2.47256e-10
4.23 0.999788 0.999788 2.42924e-10
4.24 0.999792 0.999792 2.38681e-10
4.25 0.999797 0.999797 2.34505e-10
4.26 0.999801 0.999801 2.30395e-10
4.27 0.999805 0.999805 2.26363e-10
4.28 0.999808 0.999808 2.22409e-10
4.29 0.999812 0.999812 2.18511e-10
4.3 0.999816 0.999816 2.14679e-10
4.31 0.99982 0.99982 2.10914e-10
4.32 0.999823 0.999823 2.07215e-10
4.33 0.999827 0.999827 2.03584e-10
4.34 0.99983 0.99983 2.00007e-10
4.35 0.999833 0.999833 1.96509e-10
4.36 0.999837 0.999837 1.93055e-10
4.37 0.99984 0.99984 1.89668e-10
4.38 0.999843 0.999843 1.86336e-10
4.39 0.999846 0.999846 1.8306e-10
4.4 0.999849 0.999849 1.79839e-10
4.41 0.999852 0.999852 1.76685e-10
4.42 0.999855 0.999855 1.73575e-10
4.43 0.999858 0.999858 1.70521e-10
4.44 0.999861 0.999861 1.67523e-10
4.45 0.999864 0.999864 1.6458e-10
4.46 0.999866 0.999866 1.61681e-10
4.47 0.999869 0.999869 1.58838e-10
4.48 0.999872 0.999872 1.5604e-10
4.49 0.999874 0.999874 1.53297e-10
4.5 0.999877 0.999877 1.50598e-10
4.51 0.999879 0.999879 1.47944e-10
4.52 0.999881 0.999881 1.45334e-10
4.53 0.999884 0.999884 1.4278e-10
4.54 0.999886 0.999886 1.40259e-10
4.55 0.999888 0.999888 1.37794e-10
4.56 0.999891 0.999891 1.35362e-10
4.57 0.999893 0.999893 1.32963e-10
4.58 0.999895 0.999895 1.3062e-10
4.59 0.999897 0.999897 1.28311e-10
4.6 0.999899 0.999899 1.26034e-10
4.61 0.999901 0.999901 1.23813e-10
4.62 0.999903 0.999903 1.21615e-10
4.63 0.999905 0.999905 1.19471e-10
4.64 0.999907 0.999907 1.17362e-10
4.65 0.999909 0.999909 1.15274e-10
4.66 0.99991 0.99991 1.13242e-10
4.67 0.999912 0.999912 1.11243e-10
4.68 0.999914 0.999914 1.09266e-10
4.69 0.999916 0.999916 1.07334e-10
4.7 0.999917 0.999917 1.05436e-10
4.71 0.999919 0.999919 1.0357e-10
4.72 0.999921 0.999921 1.01727e-10
4.73 0.999922 0.999922 9.99168e-11
4.74 0.999924 0.999924 9.81401e-11
4.75 0.999925 0.999925 9.63968e-11
4.76 0.999927 0.999927 9.46868e-11
4.77 0.999928 0.999928 9.30212e-11
4.78 0.99993 0.99993 9.13667e-11
4.79 0.999931 0.999931 8.97455e-11
4.8 0.999932 0.999932 8.81466e-11
4.81 0.999934 0.999934 8.65809e-11
4.82 0.999935 0.999935 8.50375e-11
4.83 0.999936 0.999936 8.35274e-11
4.84 0.999937 0.999937 8.20395e-11
4.85 0.999939 0.999939 8.05849e-11
4.86 0.99994 0.99994 7.91526e-11
4.87 0.999941 0.999941 7.77424e-11
4.88 0.999942 0.999942 7.63544e-11
4.89 0.999943 0.999943 7.49998e-11
4.9 0.999945 0.999945 7.36674e-11
4.91 0.999946 0.999946 7.23572e-11
4.92 0.999947 0.999947 7.10581e-11
4.93 0.999948 0.999948 6.98034e-11
4.94 0.999949 0.999949 6.85598e-11
4.95 0.99995 0.99995 6.73384e-11
4.96 0.999951 0.999951 6.61281e-11
4.97 0.999952 0.999952 6.49512e-11
4.98 0.999953 0.999953 6.37964e-11
4.99 0.999954 0.999954 6.26528e-11
5 0.999955 0.999955 6.15314e-11
